0.399707182340268918352421678719 0.627877003656572729717311176501 -0.124669529983887805713038687827
0.058833122804235749025991708550 -0.939801985075521595369707483769 -0.336616833371727819379515267428 
0.406735289033737124064771251142 0.330509618698124674196492378542 -0.851662959510780526173334692430 
0.911649641208585492790916759986 -0.086807953530354475812913506161 0.401695545019020328059156099698 
1045.238891601562500000000000000000
1046.345825195312500000000000000000
951.846679687500000000000000000000
506.921203613281250000000000000000
1080.000000000000000000000000000000
1920.000000000000000000000000000000
