0.405592047947053835343922401080 0.568809562259143364215674409934 0.313784969396502133598403361248
0.062068678819964154258492783356 -0.936845123601023788140196302265 -0.344192814414429004710171966508 
-0.276139087902829372112023520458 0.315276723504583578083781958412 -0.907936006416975915911393713031 
0.959111402935934442837151436834 0.151399478206484527920139271373 -0.239130748246783597643627672369 
1045.238891601562500000000000000000
1046.345825195312500000000000000000
951.846679687500000000000000000000
506.921203613281250000000000000000
1080.000000000000000000000000000000
1920.000000000000000000000000000000
