0.501178004664857512651110482693 -0.472100749232476357697407820524 -0.308687934525990304024389843107
-0.042729702704547400937684642486 -0.855881097216044439690563194745 -0.515404423666541600113077947753 
0.296582351385548836919525683697 -0.503487800510059146930075257842 0.811504124194178499962504247378 
-0.954050879855680822316799094551 -0.118184525915205229651405716140 0.275353112349939366243489757835 
1045.238891601562500000000000000000
1046.345825195312500000000000000000
951.846679687500000000000000000000
506.921203613281250000000000000000
1080.000000000000000000000000000000
1920.000000000000000000000000000000
