0.400108629790615566435008076951 0.374642083453863961040042340755 -0.506514924583076009412252460606
0.024463655607717016415847410826 -0.937789273567645853546537182410 -0.346342038938061091979392358553 
0.922507239605553586159203405259 0.154668747885277402254189382802 -0.353635364892909975775836528555 
0.385203741453335413158498568009 -0.310851824522660524774408941084 0.868901157072128893510409852752 
1045.238891601562500000000000000000
1046.345825195312500000000000000000
951.846679687500000000000000000000
506.921203613281250000000000000000
1080.000000000000000000000000000000
1920.000000000000000000000000000000
