0.455583238200889195645970630721 -0.206988808614066099877959459263 0.586780370919472549218198764720
0.164397230759710744063539777926 -0.902845190769624550419791830791 -0.397296000511833502510938842534 
-0.962998805241619737493863340205 -0.234105974145493223037561847377 0.133520387853701072433665331118 
-0.213557607267340132661814777748 0.360645191807058618227443957949 -0.907925213883114201607327231613 
1045.238891601562500000000000000000
1046.345825195312500000000000000000
951.846679687500000000000000000000
506.921203613281250000000000000000
1080.000000000000000000000000000000
1920.000000000000000000000000000000
