0.531863681650289965574529560399 -0.523045506618367572748695693008 0.169566960779734099418192272424
0.115776248899305961304051493244 -0.841367781995908226022606868355 -0.527916769585974776646253303625 
-0.430817190559332041654982958789 -0.521431312160797522103905521362 0.736550022073743981820825865725 
-0.894981792278127574746804384631 0.142160620839788809366410760049 -0.422845065447234103039875208196 
1045.238891601562500000000000000000
1046.345825195312500000000000000000
951.846679687500000000000000000000
506.921203613281250000000000000000
1080.000000000000000000000000000000
1920.000000000000000000000000000000
