0.406584787393712066005946326186 -0.106000845982971103609315832728 -0.610791719123255139045625128347
-0.115448211084601071174660091856 -0.914837951697086149138726796082 -0.386966707472418569579986069584 
0.884145611437042511226991337026 -0.272196986971849741454576587785 0.379730612487410523758768476910 
-0.452723147557072325142257795960 -0.298295696278249422572770299666 0.840274615377550659900407481473 
1045.238891601562500000000000000000
1046.345825195312500000000000000000
951.846679687500000000000000000000
506.921203613281250000000000000000
1080.000000000000000000000000000000
1920.000000000000000000000000000000
