0.408239814141988788254167275227 0.218287610396395909129196866161 0.616053075603835154083753877785
0.079180250746641714365559039379 -0.935422392781175782161540155357 -0.344551062943125874227234817226 
-0.859392705185087590891157560691 0.111093214642181872808812670428 -0.499101668936422659950125080286 
0.505148162588319515897694600426 0.335623665351543809531875695029 -0.795098792031304069105601683987 
1045.238891601562500000000000000000
1046.345825195312500000000000000000
951.846679687500000000000000000000
506.921203613281250000000000000000
1080.000000000000000000000000000000
1920.000000000000000000000000000000
